-170.0579
4.2196655
-6.544922
-259.4513
-317.29926
-0.13476562
-217.73907
-649.89734
-105.82202
170.05792
-4.219635
6.544922
224.94888
-335.0364
26.394043
190.15683
-656.229
-95.83252
-170.05052
4.4176636
-6.7419434
-259.03894
-319.20953
-1.8679199
-218.44313
-652.5375
-105.684326
170.05052
-4.417694
6.7421875
225.70805
-333.8922
26.679932
191.20348
-655.4642
-94.64014
-170.07573
4.241913
-6.2541504
-261.66522
-315.9051
-0.08911133
-220.19101
-648.9321
-104.54639
170.07573
-4.241913
6.2541504
224.65468
-332.24823
28.388916
191.15724
-653.904
-92.9978
-169.98431
4.221039
-8.198486
-262.09637
-315.3246
-0.48876953
-219.57094
-648.47107
-104.149414
169.98431
-4.2210083
8.198486
225.47983
-332.9941
25.885498
190.62347
-654.97705
-94.237305
-170.07146
3.662506
-6.36499
-261.54883
-316.8767
1.4785156
-219.24477
-648.3102
-107.49097
170.07147
-3.6625366
6.3652344
224.27579
-332.20804
23.751465
188.66824
-654.8424
-94.3772
-170.05597
3.4364014
-7.057129
-261.71698
-316.59778
0.54663086
-221.02367
-648.61584
-107.309814
170.05595
-3.4364014
7.056885
224.98137
-332.40912
22.390137
188.57509
-655.423
-94.45703
-170.09671
4.352844
-5.078369
-260.09393
-316.02878
-2.2207031
-220.02234
-649.33997
-106.22339
170.0967
-4.3528137
5.078369
227.0464
-332.2187
22.072021
190.39143
-654.7558
-96.01318
-170.09753
4.5687256
-5.1740723
-260.5514
-317.93994
-1.2988281
-221.2687
-651.20435
-105.81299
170.09752
-4.568756
5.1743164
224.40239
-332.9879
22.300781
187.32335
-655.52783
-95.65381
-170.08762
4.775116
-5.4541016
-259.29434
-318.3782
-2.2983398
-218.38623
-651.6329
-106.23901
170.08762
-4.775116
5.4543457
225.27258
-335.4035
23.064209
186.38644
-657.042
-96.72974
-170.00574
4.7450867
-7.411377
-260.25656
-315.87485
-1.7255859
-226.21857
-650.533
-103.37134
170.00575
-4.745117
7.411377
231.15785
-334.9848
22.500977
191.3502
-657.72546
-93.94214
-169.66144
4.04599
-12.432373
-264.50357
-313.6913
3.3217773
-247.62048
-648.2014
-101.69507
169.66145
-4.0459595
12.432373
238.95949
-330.48572
25.179688
211.54695
-655.42126
-88.003174
-169.55281
3.59729
-14.322998
-269.37387
-323.1863
-1.2507324
-292.50482
-655.0125
-111.41577
169.5528
-3.5972595
14.322998
245.7056
-328.58948
23.829346
240.12482
-653.8246
-89.95923
-169.65068
2.9754028
-13.564697
-291.47626
-331.51843
-13.744873
-345.61334
-660.07574
-127.05615
169.6507
-2.9754333
13.564697
257.29056
-345.62964
17.638672
301.1946
-659.7907
-113.59595
-169.60893
2.2949219
-14.340088
-313.54837
-330.0467
-21.153564
-396.4626
-649.91095
-145.4541
169.60896
-2.2949219
14.339844
284.83765
-352.02078
13.064453
365.27466
-663.71246
-123.536865
-169.84503
1.4129333
-10.920166
-333.10223
-326.17432
-23.760986
-436.39633
-637.1432
-158.14478
169.84503
-1.4129333
10.919922
304.56085
-346.90057
11.869385
410.2275
-655.32806
-127.25952
-169.67975
0.8421631
-13.348145
-358.86246
-312.92712
-27.356934
-489.31873
-608.4597
-171.91406
169.67975
-0.8421631
13.3479
324.53564
-332.86664
7.413574
468.4452
-616.92194
-138.54541
-169.82912
0.27911377
-11.452881
-389.51794
-296.01428
-40.51538
-542.58105
-568.6659
-201.71313
169.82912
-0.27911377
11.453125
357.23828
-311.47748
0.4345703
532.13477
-572.2277
-153.63037
-169.92838
0.63064575
-10.020752
-410.22668
-281.31287
-44.403564
-578.1173
-533.16846
-223.59814
169.92838
-0.63067627
10.020752
383.7898
-293.46664
-14.140381
581.6564
-538.69543
-169.50635
-170.00926
0.83584595
-8.62915
-427.06033
-260.73633
-54.084717
-620.14514
-492.52124
-236.44946
170.00925
-0.83587646
8.628906
414.1143
-272.76434
-26.411133
644.48047
-493.50937
-169.62476
-170.03267
0.28494263
-8.344971
-447.46246
-234.66719
-61.06958
-664.2204
-440.70166
-246.38013
170.03265
-0.28494263
8.344971
439.11423
-240.21439
-31.273193
699.6084
-430.37448
-162.979
-170.09007
0.7811279
-7.015381
-468.78906
-205.90765
-67.52612
-703.96625
-388.31024
-253.56421
170.09007
-0.78115845
7.0151367
459.5854
-203.83353
-35.28247
744.87787
-367.8534
-149.91187
-170.10826
0.99884033
-6.6552734
-485.60605
-184.95102
-76.13599
-744.9779
-336.711
-258.396
170.10825
-0.99887085
6.6555176
474.89618
-175.05234
-37.07373
779.72015
-298.2091
-142.43164
-170.16692
1.2494202
-4.4594727
-497.5097
-164.75772
-76.69385
-768.0197
-296.77536
-259.09668
170.16692
-1.2494507
4.459717
486.66272
-149.30563
-34.683594
802.5236
-248.96228
-137.71582
-170.16425
1.5314026
-4.772461
-508.51938
-138.64221
-83.696045
-796.13605
-240.10907
-261.2456
170.16428
-1.5314026
4.772461
501.4323
-118.21774
-38.036133
829.1095
-179.8992
-131.2395
