-180.58691
2.9277308
-40.05981
-476.75067
-0.72918266
-147.8478
-707.1306
-10.345095
-339.76605
180.58691
-2.9277308
40.05981
474.16687
19.216791
99.97344
770.72473
-7.0812283
136.87668
-180.58691
2.9277308
-40.05981
-476.75067
-0.72918266
-147.8478
-707.1306
-10.345095
-339.76605
180.58691
-2.9277308
40.05981
474.16687
19.216791
99.97344
770.72473
-7.0812283
136.87668
-180.58691
2.9277308
-40.05981
-476.75067
-0.72918266
-147.8478
-707.1306
-10.345095
-339.76605
180.58691
-2.9277308
40.05981
474.16687
19.216791
99.97344
770.72473
-7.0812283
136.87668
-180.68628
4.3386483
-39.47971
-475.69653
-7.926041
-146.27113
-705.73285
-18.26119
-338.5638
180.68628
-4.3386483
39.47971
474.0763
12.203663
94.1355
770.396
-9.407854
135.69946
-180.92813
4.5426784
-38.332497
-477.78433
-9.5479
-144.93501
-709.3953
-21.677893
-335.22217
180.92812
-4.5426784
38.332497
473.62286
11.3126745
94.23332
770.8749
-6.1409273
130.79323
-181.08797
4.320217
-37.59631
-478.99615
-7.1870723
-143.57132
-709.4871
-21.05924
-335.0954
181.08798
-4.320217
37.59631
471.924
13.731675
91.97124
769.3126
-1.3766756
128.46432
-181.13043
3.9251633
-37.43474
-477.26035
-5.778183
-143.46062
-707.10223
-20.96246
-335.66403
181.13043
-3.9251633
37.43474
474.40424
15.2078495
93.212654
772.1665
0.8842602
126.86484
-181.09799
3.1015568
-37.668247
-477.4322
-6.3985667
-144.15277
-707.7737
-21.363535
-335.7744
181.09799
-3.1015568
37.668247
472.10944
14.17589
91.10646
769.29456
-0.36607647
129.44073
-180.9678
3.1084569
-38.28824
-477.8583
-4.7726903
-143.10315
-708.44934
-16.566092
-334.64606
180.9678
-3.1084569
38.28824
469.24283
14.710984
89.436966
766.7849
-1.1540022
124.32291
-181.04022
3.6720788
-37.893936
-478.48093
-8.819379
-142.61137
-709.5784
-20.136868
-333.57172
181.04024
-3.6720788
37.893936
471.67917
11.22306
90.496
769.3605
-3.8552036
124.532684
-181.16342
3.9043565
-37.27694
-479.76038
-3.360331
-141.34012
-710.4204
-11.669899
-332.98276
181.16342
-3.9043565
37.27694
468.44214
14.520817
92.622696
766.29956
-1.7723789
124.48957
-181.2029
3.752252
-37.10023
-480.2203
-0.17629139
-141.98643
-711.6301
-8.602201
-332.7179
181.2029
-3.752252
37.10023
467.068
14.8513565
93.16412
765.0823
-1.9834538
123.23169
-181.05045
3.9001513
-37.822334
-480.24106
-3.7372184
-142.00478
-709.46716
-12.328873
-335.34796
181.05045
-3.9001513
37.822334
467.55997
10.703175
90.85839
765.329
-6.6318874
123.00014
-181.14665
4.239694
-37.321728
-478.2998
-3.206409
-142.56613
-707.2184
-10.300989
-336.33392
181.14664
-4.239694
37.321728
467.3681
11.940989
90.07186
765.01794
-5.7292576
123.12249
-180.85536
3.1623795
-38.811558
-480.2656
6.9499316
-145.72856
-711.0997
-4.1919265
-337.01764
180.8554
-3.1623795
38.811558
464.73343
21.165188
87.55552
762.02905
3.8799057
123.83919
-180.79654
5.942099
-38.759533
-478.53525
0.5548189
-144.10304
-708.98706
-12.719358
-335.7166
180.79654
-5.942099
38.759533
467.82077
13.636235
89.82754
765.48944
-4.7394342
122.318825
-180.87448
4.4677124
-38.59358
-479.718
9.169502
-141.76219
-711.1518
-0.3517723
-332.41302
180.87448
-4.4677124
38.59358
467.44708
20.506624
90.60747
765.027
3.4938087
124.618645
-180.84113
5.3721566
-38.634426
-479.13077
4.7895803
-140.74419
-710.26654
-6.081815
-331.68414
180.84114
-5.3721566
38.634426
467.4704
13.154828
91.72718
764.72314
-3.935214
128.45232
-180.95634
5.0986557
-38.128834
-479.60562
-0.21883866
-140.6775
-710.03406
-9.371275
-332.56024
180.95634
-5.0986557
38.128834
467.15448
9.336459
92.094345
764.96625
-6.591264
124.56677
-181.04742
4.529756
-37.76651
-479.29803
-3.9476538
-142.7735
-711.42426
-13.207952
-332.59357
181.04742
-4.529756
37.76651
464.50253
7.5198255
89.01232
761.28955
-8.530323
129.7535
-181.18959
5.0512605
-37.011
-479.1755
5.3023047
-140.95956
-712.1227
-4.4741006
-329.74524
181.18959
-5.0512605
37.011
465.2192
16.25015
90.82561
762.0867
3.9337597
132.27475
-180.86554
4.5834594
-38.621857
-483.48062
10.474706
-141.04018
-714.5823
1.7028456
-332.1294
180.86554
-4.5834594
38.621857
464.37784
23.974997
89.11623
761.34033
10.4992
129.51053
-180.81221
6.9093413
-38.525425
-480.62625
4.551244
-141.54941
-712.33716
-9.29223
-331.5978
180.81221
-6.9093413
38.525425
465.74088
17.973372
88.42906
763.3717
5.310608
123.862854
-180.89223
7.45632
-38.0448
-481.03958
1.0042657
-140.24866
-712.98145
-9.314888
-330.23938
180.89223
-7.45632
38.0448
465.50177
16.991722
89.91901
763.12854
2.1125689
124.51506
