-184.39366
5.3767805
13.966512
-290.46487
-283.75055
70.25536
-385.13113
-563.557
17.847092
184.39366
-5.3768015
-13.966512
483.9644
-93.450165
11.494322
754.57776
8.309784
-68.58897
-184.50418
5.014263
12.572169
-282.77032
-288.0734
69.34094
-375.7491
-571.99866
42.1117
184.50418
-5.014263
-12.572169
484.9084
-90.77307
11.858633
753.5504
12.176865
-73.18713
-184.75618
3.5316205
8.813901
-284.35443
-291.01617
69.73342
-391.10864
-570.2114
44.168457
184.75618
-3.5316205
-8.813901
488.2444
-85.24253
8.948529
763.3738
4.3607254
-70.26672
-184.88132
2.7661617
6.0206475
-283.87796
-292.0284
68.037636
-402.16504
-566.43384
41.394707
184.88132
-2.7661407
-6.0206475
489.56793
-83.98848
9.738262
767.0148
-0.942543
-68.534454
-184.91563
1.3640327
5.417599
-287.52838
-293.38846
67.240906
-432.56067
-554.6276
40.413063
184.91565
-1.3640119
-5.417599
489.86166
-83.78808
8.852766
772.4525
-25.391953
-73.19783
-184.89569
-0.22390881
6.207231
-286.50656
-294.5108
67.21405
-446.9461
-546.7837
42.36341
184.89568
0.22395039
-6.207231
489.5709
-83.03723
9.321675
772.3967
-38.361088
-80.19691
-184.63731
-1.1441832
11.522155
-295.27283
-291.6609
69.67571
-485.58917
-520.47766
31.95863
184.6373
1.1441832
-11.522155
484.35455
-80.67055
11.871135
767.8622
-73.428856
-85.9602
-184.22478
-0.58706075
16.908363
-299.6571
-290.9809
62.646988
-504.28027
-507.4151
26.791927
184.22475
0.58708185
-16.908363
478.344
-93.17756
-0.33220196
763.3865
-98.138885
-93.74626
-183.92223
-0.95050156
19.917616
-323.15097
-275.70853
71.08263
-552.3777
-465.80835
34.789677
183.92223
0.95050156
-19.917616
468.52432
-134.68756
-19.64968
751.5338
-173.6263
-111.24347
-184.03899
-3.239219
18.55149
-337.78693
-266.3446
78.513374
-580.01636
-439.24496
40.693043
184.03899
3.2391975
-18.55149
464.77756
-144.05327
-23.565311
742.5492
-210.72545
-115.2045
-183.9939
-2.8215477
19.060036
-359.09103
-249.10089
89.15804
-612.8056
-403.20764
45.798832
183.9939
2.8215692
-19.060036
462.21014
-151.21484
-28.365461
730.04736
-252.05574
-118.3341
-184.0378
-2.8605347
18.625692
-377.9127
-233.43729
103.211586
-645.92725
-360.5378
58.337574
184.03777
2.8605347
-18.625692
455.89294
-159.06094
-37.460827
711.5125
-288.65475
-126.140396
-182.50542
0.40325493
30.275608
-408.1386
-188.48047
139.34233
-694.9374
-264.09198
94.293526
182.50542
-0.40327615
-30.275608
427.42914
-194.41687
-61.94861
647.0493
-379.56964
-148.46701
-181.39127
4.7741036
36.04741
-420.59772
-153.81128
154.27254
-713.41785
-195.41417
104.01721
181.39127
-4.7741456
-36.04741
397.89462
-221.82921
-72.741806
590.6482
-432.72943
-164.21394
-177.42126
14.699188
50.30537
-432.7966
-112.83207
172.52101
-728.6123
-72.32306
143.33076
177.42128
-14.699188
-50.30537
371.35522
-266.7735
-74.14423
528.74384
-495.854
-187.06427
-172.07799
18.947586
65.23159
-430.63437
-91.98279
187.35602
-721.99365
-22.998055
168.62395
172.07799
-18.947565
-65.23159
355.3775
-283.74915
-64.59413
474.1543
-531.61536
-184.82068
-166.88287
26.085064
75.463066
-418.9785
-42.146255
213.44888
-701.8363
57.71109
208.9813
166.88287
-26.085041
-75.463066
302.217
-309.88513
-78.900696
396.0933
-566.4912
-202.75761
-167.54211
33.601562
70.891335
-419.50894
-12.74138
212.06683
-700.22485
92.69621
221.09384
167.54211
-33.601562
-70.891335
286.99442
-327.0453
-93.1726
361.7225
-584.25446
-228.2991
-171.36876
35.91804
59.729755
-426.95227
7.9269648
206.6609
-700.6404
128.57338
229.88272
171.36876
-35.91804
-59.729755
309.9379
-318.9278
-212.97453
359.33752
-579.4586
-353.27194
-170.48451
40.13788
59.573326
-425.21637
16.532484
213.27678
-698.9575
134.80057
246.11647
170.4845
-40.13788
-59.573326
350.4566
-291.52368
-284.58313
396.16025
-552.8984
-424.5633
-170.97993
40.060394
58.189613
-411.70972
2.7349975
229.12756
-686.90015
105.93236
289.29865
170.97993
-40.060394
-58.189613
323.5127
-245.81079
-334.114
369.56888
-512.30676
-463.95526
-169.50267
52.14728
52.673607
-383.94305
25.413345
230.55316
-659.2068
120.17464
303.01123
169.50267
-52.14728
-52.673607
278.60632
-223.38191
-347.8594
328.33264
-495.24365
-464.55774
-167.175
40.339554
68.192696
-383.99808
-14.195521
258.71442
-655.84436
64.820724
357.99203
167.17499
-40.339565
-68.192696
278.24692
-202.60675
-389.82547
328.23798
-473.84253
-507.8596
-172.44698
46.820347
47.9051
-363.70816
15.322648
257.5454
-631.10535
86.37545
373.52054
172.44696
-46.820347
-47.9051
262.91064
-205.4336
-353.92593
312.0177
-479.19598
-466.36548
