-181.82736
7.036702
33.381126
-459.5278
31.043278
113.42696
-755.8788
76.52182
123.81044
181.82736
-7.036702
-33.381126
428.05096
-152.09619
-120.3238
652.03015
-322.9234
-223.52945
-181.87471
6.9954224
33.130917
-457.2177
34.071045
111.66159
-752.4587
85.01278
127.07984
181.8747
-6.9954224
-33.130917
420.72668
-161.94455
-119.75208
641.9903
-335.3449
-224.5124
-181.83405
7.620899
33.21601
-460.4552
37.00509
116.42158
-756.69055
82.301384
130.3081
181.83406
-7.6208296
-33.21601
418.8615
-163.09259
-119.60833
641.3518
-338.58267
-218.10349
-182.12566
9.500811
31.064116
-458.67014
20.526133
112.4978
-756.3775
53.739456
128.84404
182.12566
-9.500811
-31.064116
424.90335
-155.02013
-119.240105
652.3718
-320.58923
-223.37927
-182.27261
10.2375965
29.94792
-459.3412
14.713852
113.760216
-758.35547
33.95277
128.60449
182.27263
-10.2375965
-29.94792
430.9156
-144.78061
-119.38094
662.8041
-304.21283
-223.34781
-182.07329
11.75359
30.596903
-462.6562
-8.222407
112.1327
-762.4116
-3.817677
123.415085
182.07329
-11.75359
-30.596903
437.9194
-119.61242
-124.12
679.3539
-256.5855
-237.90831
-181.98843
11.85889
31.057735
-462.64124
-22.441319
110.817696
-762.3225
-29.094547
122.93684
181.98843
-11.85889
-31.057735
443.98795
-105.69708
-125.22032
690.28766
-228.77025
-244.33972
-181.97093
11.671933
31.230576
-458.6856
-53.38147
107.660614
-755.3296
-95.22964
123.50541
181.97092
-11.671933
-31.230576
448.39102
-71.13914
-126.78618
703.0543
-169.09268
-251.49274
-181.89728
10.927796
31.921257
-456.7541
-69.35013
106.74064
-750.17194
-130.53175
119.49863
181.89728
-10.927796
-31.921257
452.5065
-53.758675
-128.53548
711.4844
-133.52913
-257.24887
-181.96507
8.282154
32.328293
-448.493
-105.35252
102.89055
-733.29614
-198.58936
116.82194
181.96507
-8.282154
-32.328293
454.8657
-10.367209
-129.4666
716.9558
-55.02496
-268.4431
-181.97015
7.69398
32.444786
-438.7259
-126.47225
98.85331
-717.6426
-235.61497
115.98129
181.97014
-7.69398
-32.444786
454.04282
0.05620863
-128.30779
717.68555
-19.648354
-270.0972
-181.98473
7.068319
32.505306
-429.1131
-156.33694
93.87401
-689.86584
-303.45093
112.991974
181.98474
-7.068319
-32.505306
449.68964
36.05516
-124.877754
712.18713
52.18235
-269.22095
-182.0726
5.653383
32.289494
-414.99588
-179.1706
92.7807
-661.8616
-348.20837
114.770096
182.0726
-5.653383
-32.289494
447.29602
53.75304
-121.10411
706.3717
99.15666
-265.38953
-181.87161
5.220655
33.47319
-400.4417
-197.68439
91.53797
-633.4512
-385.22156
114.69839
181.87161
-5.220655
-33.47319
445.52917
66.23223
-117.13872
699.2709
134.75784
-261.77414
-182.49445
3.471476
30.14521
-381.7929
-219.23915
85.74666
-596.8602
-426.68973
112.39792
182.49443
-3.4714413
-30.14521
442.38492
87.83688
-111.2713
685.5996
187.1129
-256.15366
-182.84007
3.2706225
27.99653
-372.2367
-227.8669
86.58704
-577.021
-444.81772
118.14215
182.84009
-3.2706225
-27.99653
446.11426
94.32219
-106.74782
682.97034
208.06674
-251.5282
-182.87225
2.9607491
27.820263
-371.30997
-228.25917
88.60727
-573.3585
-446.94363
125.39703
182.87228
-2.9607491
-27.820263
445.63092
96.91403
-106.62295
682.60144
212.55093
-249.70715
-182.9888
3.0841758
27.029371
-369.4025
-224.49309
91.182144
-578.701
-437.02667
123.17621
182.9888
-3.0842454
-27.029371
446.13733
92.44072
-109.00566
685.0623
198.48413
-256.21173
-182.79272
2.131269
28.412611
-387.35416
-208.44344
97.98443
-609.689
-407.07904
131.31776
182.79272
-2.1312342
-28.412611
448.97668
81.18766
-110.069984
693.4423
168.41113
-260.4981
-182.37897
2.1927547
30.953241
-407.09048
-183.69858
104.20011
-647.744
-359.73608
137.31592
182.37897
-2.1927547
-30.953241
452.2076
64.79436
-112.85138
706.4938
120.29021
-262.04507
-182.1309
2.375656
32.368088
-423.37747
-156.26682
110.729385
-682.8162
-303.61816
142.02013
182.1309
-2.375656
-32.368088
455.16672
49.848686
-115.748726
715.5749
79.22193
-261.77887
-182.04974
2.7111855
32.795433
-432.83804
-134.04433
116.77266
-705.4281
-256.08932
145.05144
182.04974
-2.7111855
-32.795433
458.45978
33.11058
-117.203255
721.8161
39.303726
-260.74802
-182.2375
3.0410428
31.705555
-440.2688
-113.87741
117.73709
-723.3246
-209.81833
143.71356
182.2375
-3.0410428
-31.705555
459.89313
10.450872
-120.964264
725.7278
-0.49345016
-259.57227
-182.51239
4.042224
29.964716
-441.68454
-96.810425
120.2702
-731.6652
-169.60712
145.00589
182.51239
-4.0422935
-29.964716
458.91592
-8.796365
-121.409065
723.7926
-41.193325
-258.48862
